VERSION
52
10
1
0
11
3
0.881202
1.000000 0.000000 0.000000 0.000000
0.000000 1.000000 0.000000 0.000000
0.000000 0.000000 1.000000 0.000000
0.000000 0.826865 0.000000 1.000000
12
1.954763
13
3
0.476977
1.000000 0.000000 0.000000 0.000000
-0.000000 1.000000 0.000000 0.000000
0.000000 0.000000 1.000000 0.000000
0.000000 0.000000 0.000000 1.000000
14
12
0.738066
1.050112
1.411483
1.679628
-1.000000 -0.000000 -0.000000 0.000000
0.000000 -1.000000 -0.000000 0.000000
-0.000000 -0.000000 1.000000 0.000000
-0.174881 -1.918747 0.000000 1.000000
15
0
0.459013
0.001200
0.016827
0.918026
0.036145
2.506101
0.275778
0.076449
0.305794
4
3
-0.574633 0.705659 0.414538 0.000000
-0.724003 -0.202142 -0.659513 0.000000
-0.381596 -0.679105 0.627057 0.000000
0.140831 0.303865 1.312503 1.000000
0.816488
0.622123
1.388051
3
-0.469536 0.882869 0.008835 0.000000
-0.824029 -0.434606 -0.363448 0.000000
-0.317037 -0.177932 0.931573 0.000000
0.275778 0.301109 0.562059 1.000000
1.102761
0.875663
1.251771
3
-0.530847 0.847468 -0.000000 0.000000
-0.847468 -0.530847 -0.000000 0.000000
-0.000000 0.000000 1.000000 0.000000
0.220276 0.299494 -0.223514 1.000000
1.150418
0.870599
1.265972
3
-0.538673 0.842515 -0.000000 0.000000
-0.842515 -0.538673 -0.000000 0.000000
-0.000000 0.000000 1.000000 0.000000
0.215368 0.298047 -1.014298 1.000000
1.087085
0.770454
1.143267
0
0.459013
0.001200
0.016827
0.918026
0.036145
2.506101
0.275778
0.076449
0.305794
4
3
-0.574633 0.705659 -0.414538 0.000000
-0.724003 -0.202142 0.659513 0.000000
-0.381596 -0.679105 -0.627057 0.000000
0.140831 0.303865 -1.312503 1.000000
0.816488
0.622123
1.388051
3
-0.469536 0.882869 0.008835 0.000000
-0.818860 -0.439192 0.369565 0.000000
-0.330158 -0.166289 -0.929163 0.000000
0.275778 0.301109 -0.562059 1.000000
1.102761
0.875663
1.251771
3
-0.530847 0.847468 -0.000000 0.000000
-0.847468 -0.530847 -0.000000 0.000000
0.000000 0.000000 -1.000000 0.000000
0.220276 0.299494 0.223514 1.000000
1.150418
0.870599
1.265972
3
-0.538673 0.842515 -0.000000 0.000000
-0.842515 -0.538673 -0.000000 0.000000
0.000000 0.000000 -1.000000 0.000000
0.215368 0.298047 1.014298 1.000000
1.087085
0.770454
1.143267
16
19
0
20
0
30
0
21
0
22
0
23
0
25
0
0
0
0
0
0
0
0
0
0
0
0.500000
0.500000
0.500000
0.500000
0.500000
0.500000
0.500000
0.500000
0.500000
0.500000
26
0
0
0
0
0
0
5
1
3
18
0.000000
31
2
0
32
0
33
0
0
17
501
0.596718
0.596718
503
2.386871
2.386871
504
0.596718
0.596718
0.596718
0.596718
0.596718
0.596718
0.596718
0.596718
506
505
0.010004
0.010004
0.155821
0.155821
0.395700
0.395700
0.395700
0.395700
0.395700
0.395700
0.422080
0.422080
0.422080
0.422080
0.422080
0.422080
0.448460
0.448460
0.448460
0.448460
0.448460
0.448460
0.474840
0.474840
0.474840
0.474840
0.474840
0.474840
40.000000
40.000000
40.000000
0.010004
0.010004
0.155821
0.155821
0.395700
0.395700
0.395700
0.395700
0.395700
0.395700
0.422080
0.422080
0.422080
0.422080
0.422080
0.422080
0.448460
0.448460
0.448460
0.448460
0.448460
0.448460
0.474840
0.474840
0.474840
0.474840
0.474840
0.474840
40.000000
40.000000
40.000000
500
1.954763
1.936508
4.360533
1.954763
1.797533
1.147532
0.459013
507
100
0.000000
0.000000
0.000000
1.000000
0.000000
0.000000
0.000000
3
0.000000
0.000000
0.000000
0.000000 0.000000 0.000000 0.000000
0.000000
0.000000 0.000000 0.000000 1.000000
101
3
0.000000
0.000000
0.000000
0.000000 0.000000 0.000000 0.000000
0.000001 -1.000000 0.000000 0.000000
0.000000 0.000000 1.000000 0.000000
-1.000000 -0.000001 0.000000 0.000000
0.000000 1.217819 -0.401814 1.000000
108
0.000000 0.000000 0.000000 0.000000
0.000000 1.217819 -0.401814 1.000000
-0.500000
0.500000
0.500000
0.500000
102
0.000000
0.000000
-0.058126
0.998309
0.000000
0.000000
0.000000
103
3
0.000000
0.000000
0.000000
0.000000 0.000000 0.000000 0.000000
104
12
-0.388876
-0.000001
-0.000000
-0.612131
-0.000003
-0.000000
-0.660904
-0.000003
0.000000
-0.779975
-0.000004
0.000001
0.000000 0.000000 0.000000 0.000000
105
2.941593
0.300000
0.000000
0.000000
0.049979
0.998750
0.000000
0.000000
0.000000
-0.120000
0.000000
0
0.000000
0.000000
0.017938 0.001560 0.000000 1.000000
-0.459013 1.064991 -0.017938 1.000000
0.000000 0.000000 1.000000 0.000000
3
0
-0.695546
0.000000
0.000000
0.718481
0.000000
0.000000
0.000000
0.000000
0.000000
0.000000
1.000000
0.707014
-0.707013
-0.011468
-0.011468
0.000000
0.000000
0.000000
1
0.000000
0.000000
0.000000
1.000000
0.000000
0.000000
0.000000
1.000000
1
-1.165341
-0.748405
1
0.000000
0.000000
0.000000
1.000000
0.000000
0.000000
0.000000
1.000000
1
-0.982134
-0.534283
1
0.000000
0.000000
0.000000
1.000000
0.000000
0.000000
0.000000
1.000000
1
-1.132126
-0.391462
1
-0.069756
0.000000
0.000000
0.997564
0.000000
0.000000
0.000000
1.000000
1
-1.346742
-0.309985
1
0.000000
0.000000
0.000000
1.000000
0.000000
0.000000
0.000000
1.000000
1
0.000000
0.000000
0
0
5
0
0
0.000000 0.000000 0.000000 1.000000
0.000000 0.000000 0.000000 1.000000
0.000000
2.941593
0.300000
0.000000
0.000000
0.049979
0.998750
0.000000
0.000000
0.000000
-0.120000
0.000000
0
0.000000
0.000000
0.017938 0.001560 0.000000 1.000000
0.459013 1.064992 -0.017938 1.000000
0.000000 0.000000 1.000000 0.000000
3
0
0.695546
0.000000
0.000000
0.718481
0.000000
0.000000
0.000000
0.000000
0.000000
0.000000
1.000000
-0.011468
0.011468
0.707013
0.707014
0.000000
0.000000
0.000000
1
0.000000
0.000000
0.000000
1.000000
0.000000
0.000000
0.000000
1.000000
1
-1.165341
-0.748405
1
0.000000
0.000000
0.000000
1.000000
0.000000
0.000000
0.000000
1.000000
1
-0.982134
-0.534283
1
0.000000
0.000000
0.000000
1.000000
0.000000
0.000000
0.000000
1.000000
1
-1.132126
-0.391462
1
-0.069756
-0.000000
0.000000
0.997564
0.000000
0.000000
0.000000
1.000000
1
-1.346742
-0.309985
1
0.000000
0.000000
0.000000
1.000000
0.000000
0.000000
0.000000
1.000000
1
0.000000
0.000000
0
0
5
0
0
0.000000 0.000000 0.000000 1.000000
0.000000 0.000000 0.000000 1.000000
0.000000
106
107
27
0.500000
0.500000
0.500000
0.500000
0.500000
0.500000
28
6
0
-0.004342
-0.009040
-0.014528
-0.999844
pose1
-0.028972 -0.018203 -0.999414
-0.999540 -0.008421 0.029129
0.000000
0.500000
0.306306
0.285922
-0.628247
0.655539
pose2
0.998840 0.010006 -0.047110
-0.022966 -0.760849 -0.648522
0.000000
0.500000
-0.604889
0.099517
0.672610
-0.414490
pose3
0.437187 0.896206 -0.075384
0.636588 -0.367568 -0.677974
0.000000
0.500000
-0.202303
-0.721503
-0.037610
-0.661130
pose4
0.242194 -0.969231 0.043962
-0.915318 -0.213225 0.341656
0.000000
0.500000
-0.105683
0.335716
0.702526
0.618533
pose5
-0.940030 -0.266812 0.212496
0.009423 0.602436 0.798112
0.000000
0.500000
0.017896
0.466863
-0.884082
0.010833
pose6
0.035866 0.021528 0.999125
0.563844 -0.825878 -0.002445
0.000000
0.500000
29
6
0
0.000000
0.000000
-0.020622
0.999787
pose1
-0.041236 0.000000 -0.999149
0.999149 0.000000 -0.041236
0.000000
0.500000
0.036782
0.019800
0.678470
0.733439
pose2
0.993777 0.078954 -0.078572
0.076650 0.027087 0.996690
0.000000
0.500000
0.183027
0.681963
-0.186833
-0.683024
pose3
0.005588 -0.999984 -0.000040
0.863189 0.004803 0.504858
0.000000
0.500000
0.000000
0.000000
-0.697373
0.716708
pose4
-0.999626 0.000000 -0.027341
0.027341 0.000000 -0.999626
0.000000
0.500000
0.000156
0.008472
0.999794
-0.018419
pose5
-0.036833 0.000000 0.999321
-0.999178 -0.016947 -0.036828
0.000000
0.500000
0.351327
0.624934
0.376430
0.586794
pose6
0.002661 0.997915 0.064484
0.469740 -0.058174 0.880886
0.000000
0.500000
